[[0 1 2 3 4 5]
 [4 0 2 3 5 1]
 [0 1 2 3 4 5]
 [4 0 2 3 1 5]
 [5 0 1 2 4 3]]
 
 
0 Euler
1 Midpoint
2 RK4
3 Adam Bashforts
4 Adam Moulton
5 Dorman Prince

[[nan, nan, nan, nan, nan, nan]
[0.0020269707252515623, 7.013677691247721e-07, 1.1369198915645029e-11, 1.1134950739233318e-11, 0.021027351992769054, 1.0013964600297242e-06]
[nan, nan, nan, nan, nan, nan]
[0.0003843975396449895, 1.145285909043281e-07, 2.703326451580779e-12, 2.670312859720525e-12, 0.005000536445217942, 2.354145928601249e+29]
[1.309149884735856e+73, 1.309149884735856e+73, 0.0, 1.309149884735856e+73, 0.0, 6.464114134271731e+82]]

[
 []
 [1.11349507e-11 1.13691989e-11 7.01367769e-07 1.00139646e-06 2.02697073e-03 2.10273520e-02]
 []
 [2.67031286e-12 2.70332645e-12 1.14528591e-07 3.84397540e-04 5.00053645e-03 2.35414593e+29]
 [0.00000000e+00 0.00000000e+00 1.30914988e+73 1.30914988e+73 1.30914988e+73 6.46411413e+82]
 ]
 
 
 [
 [0 1 2 3 4 5]
 [3 2 1 5 0 4]
 [0 1 2 3 4 5]
 [3 2 1 0 4 5]
 [2 4 0 1 3 5]]
 
 